0 0 195 150 284 26546 5 9 0
1 0 43 17 15 286 0 0 0
0 0 579 19059 47 665 7 27 0
0 0 58 15 348 2543 0 0 0
0 0 103 67526 123 817 51 72 0
1 0 80 3 61 44 0 0 0
1 1 30 31 65 571 11 0 0
0 0 235 1583 800 565 0 0 0
1 0 68 7 143 14 1 0 0
0 1 57 18705 51 7295 260 893 52
1 0 252 174 426 430 15 9 0
1 1 11 10 12 39 0 0 0
1 0 53 30 340 750 11 3 0
1 0 5 15 28 71 3 2 0
0 1 5 1311 0 58 3420 1785 84
0 0 238 412 411 4074 0 3 0
1 0 23 2 32 134 0 0 0
0 0 14 26802 15 573 1 0 0
0 0 65 10477 609 67 3 0 0
0 0 154 18095 333 684 77 54 0
0 1 8 3 316 136 0 0 0
0 0 166 109 769 638 23 0 0
0 1 100 12 25 14 0 0 0
0 1 23 1 386 355 5 0 0
0 1 14 41 40 155 1 4 0
0 0 2000 12111 55 564 418 356 11
0 1 58 95 65 156 0 0 0
1 0 24 24 54 49 0 4 0
0 1 808 33951 547 1493 93 776 7
0 0 1444 11 70 521 0 0 0
0 1 83 48 64 122 0 0 0
0 1 44 11793 135 649 5 2 0
1 0 35 2 67 28 17 0 0
0 0 656 26 565 219 6 4 0
0 1 189 11 347 354 0 0 0
0 0 176 7134 13 1220 795 615 39
0 1 146 18546 54 1388 53 145 0
0 1 565 39 12 155 0 0 0
0 1 71 180 25 52 16 0 0
1 0 73 46 140 105 5 0 0
0 0 964 66 800 369 0 1 0
0 1 19 51 411 434 0 0 0
0 0 808 11 236 147 3 0 0
1 0 40 10 800 856 0 0 0
0 1 59 241 50 274 17 9 1
1 0 32 1 95 10 0 1 0
1 0 303 3756 146 1531 5 0 0
0 0 423 79 741 387 0 0 0
0 1 34 10 18 51 14 1 0
0 1 269 1 445 167 0 0 0
1 0 40 5 210 211 0 1 0
0 0 121 4482 24 414 497 3397 2
1 0 240 16 152 116 0 0 0
0 1 29 296 58 193 52 0 0
1 0 18 4 35 70 0 0 0
0 1 68 3 43 9 0 0 0
1 0 34 1187 37 992 83 270 0
0 0 324 125 851 527 0 1 0
0 1 469 4380 135 727 0 0 0
1 0 123 37 63 679 1 0 0
0 1 407 817 800 727 30 49 3
1 0 33 7 20 184 0 0 0
0 1 110 8 39 132 0 0 0
1 0 271 71495 68 823 0 73 1
0 0 10 283 15 799 1557 583 0
0 0 1942 85 328 797 2 0 0
1 0 21 4 133 12 0 0 0
1 1 419 456 213 1137 0 0 0
1 0 116 25 242 58 1 0 0
1 0 12 1 22 14 0 0 0
0 1 16 60 6 254 0 0 0
1 1 563 19517 331 3373 0 0 0
1 0 44 17 42 14 12 0 0
0 0 1551 1731 476 3751 6 3 0
1 0 266 31 48 295 0 0 0
0 1 5 35 19 74 0 1 0
1 0 621 21 134 331 0 0 0
1 0 38 1 240 56 3 0 0
0 0 11 2 674 539 0 0 0
0 0 224 5090 800 814 0 0 0
0 1 28 5 209 17 3 0 0
0 1 29 0 16 13 0 0 0
0 0 202 222 184 2759 0 65 0
0 1 263 105 674 4066 0 1 0
0 0 23 12 799 131 0 0 0
1 0 123 10 109 65 4 0 0
1 1 107 14 140 436 1 0 0
0 0 111 10 551 34 0 1 0
0 0 42 19263 35 664 0 0 0
0 1 31 22 16 145 0 0 0
1 1 79 5 100 93 6 0 0
0 0 755 11 319 133 0 0 0
1 1 164 7 145 200 0 0 0
0 1 13 32807 21 2166 106 268 1
1 0 74 0 249 244 0 0 0
1 0 16 366 156 115 0 0 0
1 0 525 15 110 168 0 0 0
0 1 187 5866 14 681 0 0 0
0 1 1 10580 7 2 0 0 0
0 0 11 19 756 76 2 0 0
1 1 12 34 35 261 1 4 0
0 1 140 2714 121 702 3 41 0
1 1 5 1 19 10 0 0 0
1 0 641 14512 416 1038 3 505 0
0 0 1581 926 497 449 9 4 0
0 0 198 42828 37 3233 17 93 1
0 0 660 363 762 1725 0 0 0
1 0 57 203 234 1708 1 0 0
0 1 35 23 1 17 0 0 0
0 1 8 39 129 118 0 0 0
1 0 111 15 65 66 1 0 0
0 0 175 369 800 66 0 0 0
1 1 183 668 78 42 18 23 1
0 0 125 15572 6 8575 1 3338 0
0 0 252 17 655 880 0 0 0
1 1 68 9 37 67 0 0 0
1 1 315 142 198 957 11 0 0
1 0 86 1 229 16 0 0 0
1 0 108 6 77 124 4 0 0
1 0 72 4 105 25 5 9 0
0 0 73 8 800 593 0 0 0
1 0 17 2 55 24 1 0 0
0 0 195 570 1 1182 2571 1491 0
0 1 20 24 30 18 4 11 0
0 1 31 558 2 1439 0 1 2
0 1 64 71 16 124 0 0 0
0 1 19 1 9 50 0 0 0
0 1 0 182 0 169 39 3 0
0 1 28 1207 230 265 117 251 0
0 0 81 8 684 144 0 0 0
1 0 521 21 188 1149 2 14 0
0 1 261 589 20 296 0 0 0
1 0 13 14 46 4191 0 0 0
0 1 21 67 1 107 1 4 0
0 0 988 283 14 91 71 21 0
0 0 1051 24837 454 18694 0 0 0
1 0 147 18 151 115 6 0 0
0 0 35 28 592 81 0 6 0
0 0 411 3 537 514 0 0 0
1 0 61 29 40 331 15 1 0
0 1 226 39 17 180 5 0 0
0 1 168 259 280 1038 88 21 0
0 0 1018 2675 778 426 0 0 0
1 0 30 108 126 405 16 2 0
1 0 14 0 46 3 0 0 0
0 1 148 50 220 231 1 0 0
1 0 62 22 48 338 23 2 2
0 0 265 1 534 68 0 0 0
0 0 807 38273 457 2127 2 26 0
0 0 24 11 800 315 0 0 0
1 1 291 146 227 2095 7 3 0
0 1 50 8 91 79 1 0 0
0 1 21 5 107 549 1 0 0
1 0 103 62 108 854 11 2 0
0 0 131 5 792 20 0 0 0
0 0 93 35642 14 475 47 196 0
1 1 19 5 46 113 0 0 0
1 0 46 8 132 27 0 0 0
1 0 6 82 7 50 1 2 0
1 0 28 158 113 39 0 0 0
0 0 82 1159 688 631 2 0 0
1 0 24 5 195 259 0 0 0
0 0 24 12519 161 2733 50 4 0
0 1 49 3 6 26 0 0 0
0 1 80 15 6 41 0 0 0
0 0 108 24602 35 612 0 0 0
1 0 47 6 105 25 0 0 0
0 0 102 18320 17 2201 9 8 1
1 0 48 10 133 156 1 0 0
0 1 1402 195 95 2328 8 16 0
1 0 19 5 454 422 2 0 0
0 0 56 44 0 87 0 88 8
0 1 66 105 30 153 0 2 1
0 1 2 13 17 75 0 0 0
1 0 85 180 0 178 9 188 0
0 1 219 18777 20 848 11 2 0
0 0 442 8 742 2056 1 4 0
0 1 118 141 55 162 0 0 0
1 0 74 20 503 374 3 0 0
0 0 234 2 585 21 0 0 0
0 1 95 23 31 62 50 15 0
0 0 1169 48 1 62 1 0 0
0 1 13 5 0 76 0 0 0
1 1 22 7 284 316 9 0 0
1 0 186 10 165 1918 0 0 0
0 0 20 3 663 21 0 0 0
0 0 412 8 716 686 0 0 0
0 0 98 22817 120 108 0 1 0
0 1 169 49 25 284 0 51 0
0 1 36 1 35 24 0 0 0
1 0 165 8 91 78 0 9 0
0 0 12 46 17 71 375 266 7
0 1 92 931 44 1762 1159 1297 4
1 0 53 5 37 18 5 0 0
1 0 201 82 134 779 4 0 0
0 0 54 7 583 21 0 0 0
0 1 194 5084 56 693 6 19 0
0 0 252 3 793 88 0 0 0
0 1 270 36226 341 6462 0 200 0
0 1 230 22859 40 452 0 0 0
0 0 684 137 387 128 2 0 0
1 1 99 18 69 304 0 0 0
0 0 62 23709 33 372 139 755 0
0 1 478 14 29 151 4 0 0
0 0 4902 2632 19 741 40 102 0
1 0 348 411 378 1152 8 18 0
0 0 288 427 800 383 14 1 0
0 1 526 603 78 546 1 1 0
0 1 83 3021 70 404 11 12 0
1 1 34 1 87 3 1 0 0
0 0 219 219 545 417 0 5 0
1 0 77 3 112 44 0 0 0
1 1 262 253 653 1912 156 229 2
0 0 1352 1951 204 541 0 0 0
0 1 27 3200 1 347 23 12 7
0 1 104 7339 441 429 0 1 0
1 0 149 15000 9 650 2 5 1
1 0 45 4 27 2 1 1 0
0 0 772 40 102 238 11 0 0
0 1 261 4053 93 1060 300 943 13
1 0 80 1446 372 652 0 0 0
1 0 13 0 40 11 0 0 0
0 1 23 3 36 135 0 0 0
1 1 138 20 94 361 20 0 0
0 1 230 55 11 308 4 2 0
1 0 112 0 94 264 0 0 0
1 0 48 5 44 97 0 0 0
0 1 525 5 56 166 0 0 0
1 1 80 125 66 261 3 0 0
1 0 175 9 9 101 0 0 0
0 1 2 1623 26 724 31 1 0
0 1 17 23 22 132 0 0 0
0 1 167 1 645 61 0 0 0
1 0 114 9 188 131 1 0 0
1 0 95 88 160 339 0 1 0
0 0 796 32 375 1488 0 0 0
0 1 273 27923 68 856 7 7 0
0 0 130 45 619 146 0 0 0
0 1 0 1741 0 169 538 788 7
1 0 26 6 62 56 1 0 0
1 1 43 2 41 12 0 0 0
0 0 74 5 626 270 0 0 0
0 0 549 3739 203 3531 4 4 0
0 0 804 76 6 95 0 0 0
1 0 344 27620 224 1902 0 266 0
1 0 4 0 65 356 0 0 0
0 0 27 14 6 2826 0 0 0
0 1 720 77343 380 2454 25 3818 4
0 0 438 389 526 336 0 0 0
1 0 15 1 14 19 2 0 0
0 0 238 61 30 4962 12 0 0
0 1 921 891 528 771 123 393 0
0 1 68 617 112 23 0 6 0
0 0 1125 59 7 325 0 24 0
0 0 119 280 45 450 44 224 11
0 1 166 37401 461 215 245 6739 51
0 1 55 116 23 78 0 0 0
1 0 36 2 94 66 0 0 0
1 0 14 1 137 96 0 0 0
1 0 34 261 32 296 2 0 0
0 1 84 527 40 1045 0 0 0
0 0 1112 16 177 491 0 0 0
0 1 34 224 9 36 2 0 0
1 0 35 2 29 54 0 0 0
1 1 100 2 29 182 2 0 0
0 1 21 10240 17 601 4 6 0
1 0 121 7 159 223 0 0 0
1 0 33 3 59 85 4 0 0
0 1 20 4 13 16 0 0 0
0 1 52 5174 160 1709 0 53 0
0 0 153 1 694 875 0 0 0
0 1 30 2 582 244 0 0 0
0 1 415 1821 145 1060 0 0 0
0 0 270 11 738 1063 0 0 0
1 0 293 11 63 149 0 0 0
0 0 153 15 644 147 3 0 0
0 0 26 12 603 95 0 0 0
0 0 43 11 595 21 3 0 0
1 0 19 12 17 241 0 0 0
0 0 10 1700 6 2965 96 108 0
1 0 74 7 102 32 2 0 0
0 0 157 6 546 60 0 0 0
0 1 26 2029 11 1082 0 524 0
1 1 62 295 260 220 1 0 0
1 0 2 19552 0 195 14 21 0
0 1 94 2100 46 2507 152 147 1
0 0 24 4 545 139 0 0 0
1 1 141 14513 113 1012 69 1 0
0 1 11 24 4 17 22 16 0
0 1 77 7714 20 137 1 0 0
1 0 34 6 109 177 2 0 0
1 0 106 317 20 443 0 10 0
1 0 67 2 222 17 0 0 0
1 0 22 7 28 139 0 0 0
1 0 303 71 299 547 0 0 0
0 1 163 2881 224 1455 28 29 1
1 0 15 16 30 39 1 0 0
1 0 139 8 149 105 1 0 0
0 0 1371 28 203 125 3 0 0
0 0 931 18 230 295 0 0 0
0 0 286 11 622 1050 1 0 0
1 1 432 9348 78 2079 2 23 0
0 1 278 519 193 379 25 1 0
0 1 32 0 52 215 0 0 0
0 0 14 5810 710 1181 0 19 0
0 1 66 103 53 232 0 0 0
0 0 93 1027 126 405 58 113 10
0 0 896 1616 371 1958 0 2 0
0 1 151 11 27 116 1 0 0
1 1 459 3194 192 1336 1 0 0
1 0 31 4 81 461 0 0 0
1 0 8 0 35 9 0 0 0
0 1 51 235 195 921 1 0 0
0 1 64 73 93 92 0 0 0
1 1 34 358 199 83 62 252 0
1 0 56 12 40 442 1 0 0
0 0 3 2 538 384 0 0 0
1 0 151 4 161 230 1 0 0
1 1 38 2 77 152 0 0 0
0 1 20 30046 161 1183 4 0 0
0 0 218 46894 13 524 355 1559 5
0 0 13 11 788 144 0 0 0
0 0 1988 230 189 702 0 0 0
0 0 155 4 584 167 0 0 0
0 0 104 18158 90 887 0 0 0
0 0 54 40 354 2434 6 0 0
1 0 80 77 294 770 1 0 0
0 1 52 5 41 340 1 1 0
1 0 100 13 484 102 1 0 0
0 1 1915 16544 135 380 0 0 0
0 1 17 2414 36 945 3 0 0
0 1 69 1674 77 143 52 307 4
1 0 20 4 170 26 0 0 0
0 0 312 362 38 27 22 30 6
0 1 400 1410 218 303 0 0 0
1 0 87 331 16 157 0 0 0
0 1 125 47 10 223 0 0 0
1 0 146 3 29 12 0 0 0
0 1 94 33731 13 1038 117 357 1
0 0 500 29349 82 1523 73 448 2
0 1 90 29226 39 646 52 132 0
0 1 50 59 62 212 1 0 0
1 1 89 25 47 273 7 27 0
0 0 64 122 642 227 0 0 0
0 1 130 11789 452 2040 8 2 0
0 1 166 9 170 506 0 0 0
0 0 119 0 597 654 0 0 0
0 1 68 448 65 272 3 0 0
1 0 88 41 13 358 0 0 0
0 1 51 7 144 255 1 0 0
0 0 35 7 700 95 0 0 0
0 1 316 38789 119 12183 192 325 0
0 1 61 6 21 150 1 1 0
0 0 80 306 548 196 0 0 0
1 0 1 1 12 34 2 0 0
0 1 177 28 53 632 4 0 0
0 0 15 32 520 35 0 0 0
1 0 71 103 110 297 0 0 0
1 0 32 6 45 124 4 0 0
0 1 110 331 536 787 0 1 0
0 0 497 47130 102 5774 9 8 0
1 1 83 126 62 193 6 66 0
1 0 419 181 204 1101 1 0 0
0 0 1474 1502 80 1116 12 1 0
1 0 59 3 14 65 1 0 0
0 0 163 11 540 121 1 0 0
1 0 60 129 571 663 0 0 0
0 0 274 11181 32 5312 1 17 0
0 1 14 10 2 18 0 1 0
0 0 348 111 834 645 0 0 0
0 1 624 164 82 977 3 0 1
0 0 1 1 525 131 0 0 0
0 1 57 2 100 35 0 0 0
1 0 94 0 224 73 0 0 0
0 0 60 948 77 2662 41 54 0
0 1 614 33 15 200 19 0 0
0 1 336 46563 662 16023 269 215 0
0 0 107 64 659 658 0 15 0
1 0 100 4589 13 891 96 216 1
1 0 45 9 82 127 0 0 0
1 0 50 3 11 72 0 0 0
0 1 112 214 174 2437 3 0 0
0 1 131 1106 36 226 0 48 1
1 0 49 15 106 628 4 2 0
0 0 404 55 528 1163 1 0 0
1 1 24 15 42 1222 6 1 0
1 0 23 10 319 491 0 0 0
1 0 8 2 229 6 0 0 0
0 1 184 33 378 849 0 0 0
0 1 6 2623 31 752 2563 2238 0
0 1 43 2003 10 68 0 6 0
1 0 307 132 187 773 0 0 0
0 1 87 21 85 154 3 0 0
1 0 25 170 29 14 1 0 0
0 0 16 72 11 25 147 11 20
1 0 88 12 511 478 0 0 0
0 0 378 33544 105 964 6 31 0
0 0 1090 12 800 81 0 0 0
0 1 32 178 14 479 14 13 0
1 0 70 16893 305 1174 0 40 1
0 0 1567 377 452 406 0 0 0
0 1 157 26 19 205 42 6 1
1 0 64 8 130 58 0 4 0
0 1 293 6 21 64 0 0 0
1 1 49 46 119 325 7 0 0
0 1 43 1245 0 1003 490 276 6
0 0 921 8 66 175 0 0 0
0 0 988 7 2 1349 0 0 0
0 0 49 280 558 831 4 0 0
1 0 162 23 108 111 55 1 0
1 0 12 2 5 7 0 0 0
0 1 61 24 3 205 0 0 0
1 1 9 0 46 50 0 0 0
0 1 46 475 51 440 4 13 0
0 0 33 5 580 152 0 0 0
1 0 13 2 24 29 0 0 0
0 1 69 11959 144 205 7 66 0
1 0 69 461 50 243 14 17 0
0 0 147 10 111 3510 0 0 0
0 0 459 58 792 597 2 0 0
1 0 23 4 51 58 1 0 0
1 1 124 109 167 413 0 0 0
0 1 12 189 1 87 16 130 0
0 0 123 28261 25 342 1260 6888 68
0 0 70 9956 42 7077 0 15 0
0 1 137 137 144 41 1 0 0
0 0 147 44 563 118 0 0 0
0 0 12 13 580 1410 0 0 0
0 1 73 32 65 63 0 0 0
1 0 17 442 20 90 948 113 5
1 0 4 4392 0 50 1 1 0
0 0 0 2112 231 2931 64 1 0
1 0 37 1 191 108 0 0 0
0 0 11 3711 4 1489 385 83 0
1 0 7 0 6 16 0 0 0
0 1 1250 44 32 337 0 0 0
0 0 141 27 665 3419 1 0 0
1 0 75 5 179 184 0 0 0
0 1 104 6 14 46 0 0 0
1 0 23 6 74 34 0 0 0
1 0 50 14216 5 388 2 17 0
1 0 10 189 89 158 2 26 6
0 1 73 68 40 90 35 6 0
0 1 251 27 216 251 0 0 0
0 1 364 287 24 214 1 1 0
1 1 178 200 65 534 25 15 0
0 0 1048 35 588 1068 0 0 0
1 0 55 4 174 54 0 0 0
0 1 153 21692 199 3729 135 54 0
1 1 37 69 16 41 0 6 0
1 0 128 204 509 864 2 1 0
1 1 13265 234449 414 29350 112 168 0
0 1 175 3228 86 225 0 0 0
1 0 41 107 15 554 0 0 0
1 0 31 4 14 23 0 1 0
0 1 37 11068 55 393 2 468 0
0 1 21 2 31 186 0 0 0
1 1 25 6 74 13 0 0 0
0 1 107 6 56 100 0 0 0
0 0 323 63 601 538 0 0 0
0 1 75 14 47 35 13 1 0
0 1 29 0 18 360 0 0 0
0 1 128 19404 35 1941 24 5 0
0 0 169 4 800 661 0 0 0
0 1 128 12 175 312 1 0 0
0 1 11 1006 30 1094 0 0 0
0 0 155 715 4 528 563 1270 6
0 1 9 1 100 27 0 0 0
1 0 15 5 64 10 0 0 0
1 0 14 28 0 5 4 5 0
0 1 56 363 137 501 0 0 0
0 1 104 1060 26 274 10 0 0
0 1 116 29714 26 5858 2 13 0
1 1 1752 3674 76 3084 13 61 1
1 0 80 15 154 1257 0 0 0
1 0 308 17007 18 754 280 64 1
1 0 14 1 51 6 0 0 0
0 0 228 19690 6 634 27 558 1
1 0 49 28 24 14 0 0 0
1 0 126 25597 33 258 4313 12579 62
0 1 92 3 14 28 0 0 0
0 0 249 43 798 559 12 0 0
0 1 230 12394 139 751 669 2966 34
1 1 6 19 81 93 2 0 0
0 0 721 14 5 3 0 0 0
0 1 74 21 404 475 8 0 0
1 0 32 10 27 16 0 0 0
0 0 211 35323 7 50 0 14 0
1 1 32 27 104 1262 14 0 0
0 0 813 200 12 50 0 0 0
0 1 83 1080 55 603 18 21 0
1 1 7 36 64 66 6 0 0
0 1 101 4559 73 4465 5 607 27
1 0 72 3 90 65 0 0 0
0 1 62 3524 178 2367 7 1 0
0 1 28 13 3 25 0 0 0
1 1 200 9 197 532 0 0 0
1 0 73 23 68 66 6 4 0
1 1 256 1499 40 3215 3 1 0
1 0 36 829 4 204 5 11 0
1 0 109 7 238 388 0 0 0
0 1 13 1 17 39 2 0 0
0 1 108 576 5 1135 41 316 4
1 0 700 18 815 1054 0 0 0
0 1 277 2725 53 1349 1 2 0
0 1 44 90 40 58 0 13 0
0 0 30 7850 554 2431 16 7 0
0 0 1505 18 100 59 1 0 0
1 1 286 138 378 1262 16 0 0
1 0 110 25026 0 2149 148 2246 1
0 0 1896 616 98 4133 21 28 0
0 1 26 288 59 418 22 111 1
1 0 25 10 21 41 0 0 0
1 0 60 8 28 250 24 20 0
0 0 47 37 638 997 7 0 0
1 0 14 6 16 151 0 0 0
0 0 149 10 544 46 0 2 0
0 1 44 19 29 176 10 1 0
0 1 12 14 0 208 0 1 0
0 0 60 28211 84 2285 16 9 0
0 1 226 10 29 197 0 0 0
1 0 23 6 606 138 0 0 0
0 1 209 122 16 463 8 9 0
0 0 75 38082 57 1087 3 0 0
0 0 476 16 489 1401 0 0 0
1 0 100 46 49 482 1 3 0
0 1 26 461 280 36 1 0 0
1 1 78 7 53 29 0 0 0
0 0 189 26658 424 495 6 10 0
0 1 427 280 243 783 46 116 0
1 0 56 4 77 101 0 0 0
0 1 11 142 7 370 21 11 1
0 1 95 78 24 482 1 0 0
1 0 33 2 32 18 0 1 0
0 1 693 40 157 144 0 0 0
1 0 32 0 20 22 0 0 0
0 0 143 367 755 1041 7 6 0
1 0 65 56724 116 1278 185 572 0
1 0 23 4140 0 951 3596 2990 0
1 0 12 2 59 24 0 0 0
1 0 55 22 23 270 6 0 0
0 0 81 282 680 170 0 0 0
0 1 9 1 11 4 1 1 0
1 0 20 47 70 428 1 0 0
0 1 42 22 152 84 1 0 0
0 1 6 5 18 161 0 0 0
0 1 43 24696 19 158 58 2330 10
0 0 25 107 800 1462 50 12 2
0 1 175 21 97 334 0 1 0
0 0 178 3 90 2720 0 0 0
0 0 254 755 610 406 0 0 0
0 1 94 14 203 184 12 0 1
0 1 178 482 17 1043 5 1 0
0 0 908 49982 71 8877 5 6 0
1 1 14 53 98 242 0 0 0
0 1 155 7173 4 518 50 74 5
0 1 18 761 17 162 1 0 0
0 1 68 32898 116 5804 42 30 0
0 0 739 36 261 42 15 6 0
1 1 25 108 68 194 0 0 0
0 0 14 459 0 82 628 240 0
0 0 627 56 422 298 0 0 0
0 0 0 10098 15 5126 0 86 0
1 0 39 4 340 56 0 0 0
1 0 92 259 45 390 0 0 0
0 0 269 3 585 716 0 0 0
0 0 180 13 566 554 2 1 0
0 0 137 24 573 513 1 0 0
1 1 95 11 173 50 0 0 0
0 1 121 14185 40 1309 0 41 0
0 1 11 1 20 8 0 0 0
0 0 181 17168 109 3508 0 0 0
0 1 173 190 9 145 6 0 0
0 1 74 152 45 238 5 0 0
0 1 99 2633 194 1357 25 0 0
1 0 119 97 737 206 0 0 0
1 0 21 6 52 27 10 0 0
0 0 1022 10231 759 2570 51 2 0
0 0 380 13 735 96 0 0 0
0 1 1813 23 102 82 0 14 0
1 1 637 872 345 1109 48 31 0
0 0 20 1 552 19 0 0 0
0 1 1427 302 5 222 0 0 0
0 0 148 29356 94 2406 21 10 2
0 0 17 7 561 156 0 0 0
1 0 38 10 45 37 1 0 0
1 1 103 103 37 94 19 6 0
0 0 366 39839 88 2428 42 150 2
0 1 1461 120 9 163 6 0 0
1 0 23 36 22 108 11 0 0
0 0 49 8 599 693 0 0 0
0 0 16 175 1 32 325 73 12
1 1 69 4 197 33 0 0 0
0 0 921 14 170 5 0 0 0
1 0 57 10 162 311 8 0 0
0 0 899 70 6 141 64 20 0
0 0 920 3038 237 847 0 0 0
0 0 143 8 608 33 1 5 0
0 1 62 229 162 1783 7 7 0
0 0 188 268 623 249 0 0 0
0 1 45 16 10 108 2 10 0
0 0 84 3634 138 7815 98 119 1
0 1 848 464 151 316 0 3 0
1 0 295 10 335 78 0 0 0
1 0 30 26 402 303 0 0 0
0 0 15 5 541 701 0 0 0
0 0 1948 3393 90 1848 7 4 0
1 0 12 11175 9 37 10 26 0
1 0 20 0 57 7 0 0 0
0 1 411 131 405 365 3 0 0
0 0 39 8 526 551 0 0 0
0 1 321 32876 404 4145 0 127 0
0 1 305 4381 264 637 0 0 0
1 0 94 14 96 534 4 0 0
0 0 47 1478 51 19 233 1649 8
0 1 254 147 798 852 4 0 0
1 0 9 0 73 41 0 0 0
0 1 151 447 150 1087 2 2 0
0 1 36 1097 71 261 3 0 0
0 0 3 24870 2 625 305 1367 1
1 1 86 1232 12 636 20 12 0
0 0 543 7 534 354 0 0 0
0 0 31 690 49 21 149 184 9
0 1 143 9 56 47 0 0 0
1 1 42 9 39 18 0 0 0
1 0 51 6 50 109 0 0 0
0 1 14 111 1 10 0 1 0
0 0 235 26 558 121 26 5 0
0 0 66 3 560 260 0 0 0
0 1 28 5602 4 1737 3 0 0
0 0 188 72 575 690 26 4 0
0 1 56 13 250 576 1 0 0
0 0 215 2 572 33 0 0 0
0 1 98 3 15 59 0 0 0
1 0 163 251 93 1324 1 0 0
0 0 26 52 9 2766 2 0 0
0 0 49 174 484 1255 5 74 1
1 0 34 58 795 1055 0 0 0
0 0 35 19105 0 158 2 314 8
0 0 1097 10 36 26 0 0 0
1 0 263 5556 304 4362 18 9 0
1 0 35 4 64 67 0 5 0
0 1 147 18 12 201 0 0 0
1 1 27 3 172 65 0 0 0
0 0 1997 133 332 1586 0 0 0
0 0 131 28 724 97 4 0 0
1 1 158 5034 154 3802 1 42 1
0 1 28 42 108 128 0 0 0
1 1 139 15 137 92 4 0 0
0 0 171 81 588 91 0 0 0
1 0 47 24 10 367 1 0 0
0 1 90 1002 235 1481 159 351 0
0 1 253 54 132 524 0 0 0
0 1 19 50 62 13 1 0 0
1 0 15 0 114 35 0 0 0
1 0 24 60 51 191 1 0 0
0 1 39 10 30 34 1 0 0
1 1 115 142 17 49 0 2 0
1 0 195 1549 105 181 3 3 0
1 0 6 42863 7 247 14 57 1
0 0 63 251488 235 6828 548 1791 16
1 0 34 158 25 177 19 6 0
0 1 20 2 78 6 1 0 0
1 0 5 9 25 30 4 0 0
0 0 1399 11 301 181 0 0 0
1 0 7 1 18 43 2 0 0
0 0 521 44 793 328 1 0 0
0 1 276 18 590 683 8 0 0
0 0 91 58666 3 2381 1 201 2
0 0 17 4 568 28 0 0 0
1 0 38 4143 41 36 0 0 0
0 0 705 5 485 650 0 0 0
1 1 31 132 64 379 80 8 0
0 1 9 14384 23 50 94 3351 6
0 1 853 2807 272 391 7 0 0
0 1 38 3613 95 937 0 0 0
0 1 325 29866 4 1040 74 364 0
1 0 126 8 144 63 0 0 0
1 0 88 24 457 85 78 42 0
0 1 20 1 23 1 0 0 0
0 0 7 1945 0 198 29 203 13
0 1 758 228 12 462 676 191 0
0 0 372 360 567 355 0 0 0
0 0 176 34650 195 451 2 1 0
1 0 16 6 21 27 0 0 0
1 0 64 4440 317 1763 37 3 0
0 1 490 39935 396 14752 68 50 0
0 1 9 2 27 27 2 0 0
0 0 27 1769 45 12 322 281 17
1 0 193 266 28 213 0 20 0
0 0 22 1 533 497 0 0 0
1 0 47 3 61 40 0 0 0
0 0 1077 56 71 2369 0 0 0
0 0 280 20 695 310 0 0 0
0 0 425 21 800 1261 0 2 0
1 0 18 2 145 111 0 0 0
0 1 465 14 151 120 10 0 0
0 1 69 467 7 28 38 28 0
1 0 78 9 195 23 5 0 0
0 1 5 6 205 215 1 0 0
1 0 285 28 327 425 0 0 0
1 0 9 1 8 11 0 0 0
0 0 15 2832 5 80 402 310 59
0 1 332 5392 61 10100 52 29 0
0 1 4 8 43 177 0 0 0
1 0 91 12 373 305 1 0 0
1 0 107 10 534 189 0 0 0
0 1 151 15964 70 566 8 216 2
1 1 126 11 334 288 7 0 0
0 0 782 19 2 58 0 0 0
1 0 61 8 54 84 1 0 0
0 0 1155 5825 800 826 0 0 0
0 0 1949 54 5 127 29 3 0
1 1 62 282 91 166 273 244 8
0 0 64 206807 4 5568 542 1425 9
0 0 473 7583 782 1621 0 0 0
0 0 110 280 582 1061 4 5 0
1 0 10 10 20 281 0 0 0
1 1 98 82 36 346 21 22 0
0 1 0 1038 8 74 22 28 5
0 0 76 22845 18 316 2 54 0
0 1 108 1772 100 1735 8 2 0
0 1 68 15 86 73 1 0 0
0 0 854 12 618 693 0 0 0
1 0 23 8 153 110 4 0 0
1 0 17 0 41 24 0 0 0
0 1 34 1311 59 780 61 162 1
0 1 508 1393 63 504 3 1 0
1 1 96 288 270 674 0 0 0
0 1 40 5567 66 627 18 48 0
0 1 4 2 63 39 2 0 0
1 0 22 3 31 31 0 0 0
0 1 535 15642 65 1343 167 2198 0
0 1 43 7 135 2 0 0 0
1 0 17 9 46 82 0 0 0
1 0 118 7 132 130 0 1 0
0 1 10 14 59 50 9 1 0
1 0 42 9 262 72 0 1 0
1 0 37 5 215 85 0 0 0
1 0 11 4 3 7 1 0 0
0 1 164 3488 42 395 39 3547 25
0 0 38 1033 7 546 11 1539 24
0 0 38 16 760 285 1 0 0
0 1 4 483 96 404 0 0 0
0 0 19 756 3 267 9 249 10
1 0 213 98 432 1590 0 1 0
0 0 87 6 609 21 0 0 0
0 1 1354 24142 559 3011 13 36 0
0 0 617 1543 240 656 95 181 11
0 1 311 10 104 1168 0 0 0
1 1 16 5 124 295 0 0 0
0 0 160 171 793 447 0 0 0
1 0 16 5 54 97 2 0 0
1 1 18 5 17 401 0 1 0
0 1 86 24 16 94 10 4 0
1 0 60 72 39 196 19 20 0
0 0 1 638 1 31 1176 1075 7
0 0 102 14799 11 3762 5 4 0
1 0 12 1 10 27 0 0 0
0 1 33 0 49 19 0 0 0
0 1 46 45 17 377 1 0 0
0 0 313 128 657 900 0 0 0
0 1 56 15 54 161 0 0 0
0 0 674 273 640 1352 0 1 0
1 0 384 31 569 128 0 0 0
1 0 86 9 74 145 0 0 0
0 1 58 14 12 118 0 0 0
1 1 363 1684 588 472 2 0 0
0 1 80 42 114 338 16 2 0
1 1 38 9 182 247 0 0 0
0 0 1997 4498 217 3607 27 2 0
0 0 762 1725 183 2262 10 8 0
0 0 25 11 743 339 0 0 0
1 1 304 235 222 447 1 0 0
0 1 1610 227 111 347 4 0 0
0 0 196 93 707 271 0 0 0
1 0 7 2369 0 42 145 381 0
0 1 364 112 205 13 30 20 0
0 0 247 48 75 7082 0 1 0
1 0 26 4 15 45 0 0 0
0 1 58 4 97 83 0 0 0
0 1 39 56 47 393 0 0 0
1 0 199 57982 8 3924 1 1012 0
0 0 358 7 740 205 0 0 0
0 1 29 22 11 48 0 9 0
0 1 105 5 112 28 2 0 0
0 0 12 17 9 4 0 126 8
0 0 26 519 10 163 3190 1406 12
0 0 995 28 229 2186 0 0 0
0 1 86 4101 549 720 0 0 0
0 0 637 170 42 2511 0 0 0
1 0 21 0 63 63 0 0 0
0 1 1 282 3 45 3 0 0
0 1 200 8 13 1 0 0 0
0 1 35 7 59 138 0 0 0
0 0 6 672 3 5376 444 127 0
0 0 110 8 658 402 0 0 0
1 0 11 0 37 1 0 0 0
1 0 3 1 17 35 5 0 0
0 0 77 71 534 7 1 0 0
0 1 33 131 40 918 3 2 0
1 0 73 4 268 85 1 0 0
0 0 12 2192 0 16 1083 392 0
1 0 284 2027 220 1085 1 1 0
0 0 188 37 610 384 0 0 0
0 0 1364 14 91 56 12 0 0
1 0 16 5 28 62 0 0 0
1 1 14 8 7 155 0 0 0
0 0 106 16 1101 63 0 0 0
0 0 14 101 27 117 623 150 0
0 0 271 11 91 2620 0 0 0
0 1 13 2 128 20 0 0 0
0 0 360 63138 150 31276 80 138 1
1 0 27 3 100 43 0 0 0
1 0 25 5 641 89 0 0 0
1 0 7 3 5 18 0 0 0
1 1 32 8 800 100 0 0 0
0 1 395 18642 106 2176 149 916 52
0 0 78 46952 141 657 0 1 0
0 0 1439 40 38 9 4 0 0
0 0 683 44 796 1295 0 0 0
1 0 16 40 32 43 11 0 0
0 1 118 10 535 149 0 0 0
1 0 9 4952 0 107 56 115 0
0 1 117 2 63 55 0 0 0
1 0 105 1 46 16 0 0 0
0 1 95 56 623 272 3 0 0
1 0 16 482 118 129 0 0 0
1 0 19 31 55 41 0 0 0
0 0 985 39 197 240 0 0 0
0 0 768 14 5 78 0 4 0
1 1 36 5 102 83 0 0 0
0 1 72 1 61 80 0 0 0
0 0 18 33017 19 5435 42 192 0
0 0 126 3 582 461 0 0 0
0 0 135 9 800 552 0 0 0
0 1 453 10403 111 1041 3 349 2
0 0 241 26 799 2392 4 2 0
0 0 238 13 622 840 0 0 0
0 0 266 11523 602 685 0 0 0
1 0 112 61 95 168 5 0 0
1 0 2 10 164 51 4 0 0
1 1 179 31 161 846 0 0 0
0 1 32 3935 75 390 2 0 0
0 1 225 3727 347 686 2 0 0
0 0 38 47094 24 21 0 0 0
1 1 32 5 62 523 0 0 0
0 1 268 12 77 77 2 0 0
0 1 26 19 31 68 0 0 0
0 1 63 0 17 18 0 0 0
0 1 321 769 251 474 0 0 0
0 0 10 1 831 1142 0 0 0
0 0 128 467 646 265 0 0 0
0 1 26 6 114 702 0 0 0
0 0 205 1233 36 1000 5 562 10
1 0 28 6 34 324 0 0 0
1 0 33 3 127 11 0 0 0
1 0 106 3 97 53 0 0 0
1 0 96 10 242 173 2 0 0
1 0 49 21 45 71 0 0 0
0 1 277 10738 43 2839 8 6 0
0 0 245 9 822 899 0 0 0
0 0 107 67239 28 1550 9 11825 0
1 0 791 2090 706 610 0 0 0
1 0 140 86 112 296 2 0 0
1 0 102 0 34 62 0 0 0
0 1 335 594 209 483 13 19 0
0 1 558 274 32 2498 0 0 0
0 1 35 630 77 261 1 0 0
0 1 3 6991 104 1230 0 0 0
0 1 8 1 13 112 0 0 0
1 0 399 4017 799 652 1 2 0
0 0 80 13 639 11 1 0 0
1 1 108 8 183 166 0 0 0
0 1 129 45 176 805 0 0 0
0 0 119 44763 8 1342 24 110 0
1 0 89 24 351 510 29 74 0
0 0 272 20 602 143 0 0 0
1 0 63 22 776 337 0 0 0
1 0 28 3 146 22 2 0 0
0 1 53 2090 104 1254 27 15 0
0 0 1160 1898 424 558 1 15 0
0 1 68 11 3 267 0 0 0
0 0 30 11 40 2477 1 0 0
0 0 325 13 561 481 0 0 0
0 1 15 39 48 178 8 0 1
0 1 239 8623 14 242 27 13 4
1 0 41 7 293 28 0 0 0
1 0 12 1 9 15 0 1 0
1 1 850 3433 423 2599 0 43 0
0 0 157 6 570 573 0 0 0
0 1 364 100 106 592 0 3 0
0 1 43 688 214 456 0 0 0
1 1 20 3 32 121 0 3 0
0 0 1466 106 12 450 182 71 0
0 1 55 3 2 42 1 1 0
0 0 775 4 110 1271 2 0 0
1 0 27 10 63 528 2 0 0
0 0 285 888 553 286 50 148 2
0 1 1956 2430 479 2394 5 1 0
0 1 12 2 0 9 17 0 0
1 0 46 592 383 361 1 24 0
1 0 37 12 49 77 5 0 0
0 0 1104 87 548 547 1 0 0
1 0 67 38 255 93 8 1 0
1 0 2 9 1 39 3 0 0
1 0 96 19 272 195 0 0 0
0 1 60 13814 66 741 167 1213 3
0 0 246 3 594 530 0 0 0
0 1 14 401 12 174 825 646 0
1 1 16 9 54 58 0 0 0
1 1 168 4 257 237 0 0 0
0 1 53 1161 200 287 0 0 0
1 0 70 2785 6 763 272 45 0
1 0 59 5 50 77 2 1 0
0 0 489 775 51 2713 6 2 0
0 0 19 19 601 78 0 0 0
1 0 21 35 38 106 0 0 0
1 0 19 6 11 32 11 0 0
0 1 6 114 61 47 0 0 0
1 0 8 1 8 23 0 0 0
0 0 96 35488 20 497 93 1276 2
0 0 1 11 1 39 458 31 0
0 1 346 3016 561 1846 17 5 0
0 1 88 9 26 70 1 0 0
0 1 131 1273 35 489 1 0 0
0 0 32 6 554 819 1 1 0
0 1 7 22 63 50 1 0 0
1 1 956 2544 745 2164 0 1 0
1 0 16 38 53 93 0 0 0
0 1 60 81 107 107 0 0 0
0 0 31 4 787 1453 0 0 0
1 1 153 4157 86 1433 0 0 0
1 0 63 1 152 100 0 0 0
0 1 16 3 91 6 1 1 0
1 0 66 17 135 3 0 0 0
0 0 345 461 530 4015 8 0 0
0 0 136 29 550 232 0 0 0
0 1 98 77 193 85 1 0 0
0 0 8 490 0 13 590 3313 0
0 0 1998 315 0 540 0 0 0
0 0 1333 23 4 62 4 0 0
0 1 30 25281 2 93 24 7837 18
0 0 978 205 332 824 32 35 1
0 0 937 12 147 90 0 0 0
0 1 43 1 94 47 0 0 0
0 0 206 13 532 1620 3 0 0
1 0 32 2 13 23 1 0 0
0 1 2 423 1 2054 0 2 0
1 0 105 24917 4 857 14907 45541 28
0 0 346 4 708 330 0 0 0
0 0 285 2409 723 222 0 0 0
0 1 47 5029 52 381 44 216 0
0 0 72 26 722 170 16 0 0
1 0 19 2 27 21 2 0 0
1 1 15 5 101 120 0 0 0
0 1 105 46 126 460 32 2 0
0 1 60 189 63 196 1 0 0
0 0 10 455 105 2800 0 0 0
1 0 80 16 19 97 13 2 0
1 0 42 7 31 45 1 0 0
0 1 124 308 64 531 0 0 0
0 1 103 3 229 203 2 0 0
1 1 134 7 321 192 0 1 0
0 1 50 10 196 351 0 0 0
1 0 7 7858 0 248 451 137 2
1 0 155 18 135 209 0 3 0
1 0 9 1 52 21 0 0 0
0 1 49 7 45 90 0 0 0
0 0 163 2428 52 684 300 2355 10
1 0 36 15 35 37 0 0 0
1 0 31 6 102 302 0 0 0
0 1 36 17 24 535 0 0 0
0 1 70 29 104 147 0 1 0
1 0 17 6 78 101 15 3 0
0 0 6 1011 3 90 3407 3247 14
0 0 102 152 582 25 4 0 0
0 1 200 3912 117 897 0 0 0
1 0 42 4 60 43 0 0 0
1 0 23 5 154 56 0 0 0
0 0 99 1073 15 67 622 3318 13
0 1 25 50 50 74 2 1 4
0 0 230 1590 485 1973 0 0 0
0 0 1082 15 14 1370 16 7 0
0 1 4 17 8 65 0 0 0
0 1 23 955 112 258 8 0 0
0 1 11 22 24 6 0 0 0
0 1 47 22 13 87 0 2 0
1 1 87 7 46 110 0 0 0
0 1 1978 549 116 1471 2 0 0
1 0 22 322 81 328 0 2 0
1 1 471 107 231 1221 0 0 0
0 0 277 19044 58 1586 3 2 0
1 0 815 13 410 225 0 0 0
1 0 55 21 6 31 0 0 0
0 0 1076 7729 699 4909 17 53 0
0 0 217 62 716 1927 22 1 0
1 0 34 4 51 52 1 0 0
0 1 461 30 167 248 0 0 0
1 1 25 19 83 25 0 0 0
0 0 18 23177 85 116 0 19 5
0 1 299 2092 48 1409 14 175 1
0 0 16 2022 35 188 2398 1027 56
0 1 66 5 134 56 1 0 0
1 0 41 18 102 321 0 1 0
1 0 200 10 160 487 0 0 0
0 0 228 18 540 94 0 0 0
1 0 14 3148 0 63 5 13 0
1 0 556 229 52 6382 6 2 0
0 0 345 18 800 89 0 1 0
0 1 37 73 337 562 10 7 0
0 1 176 20 35 67 0 0 0
1 0 221 68 123 613 2 0 0
0 1 168 28 18 98 0 0 0
0 0 429 21 602 156 1 0 0
0 0 294 9 549 63 0 0 0
0 0 40 2 550 932 0 0 0
0 1 291 169 164 235 0 18 0
1 0 44 1 57 3 0 0 0
1 0 132 16 22 102 0 0 0
1 1 11 327 31 34 0 1 0
0 0 172 13 734 1544 0 0 0
0 0 437 10 798 501 0 0 0
0 0 102 14373 354 1655 0 0 0
0 1 215 88 257 13 22 7 0
0 1 473 2290 130 1199 4 0 0
0 1 462 2123 111 206 25 7 0
0 0 164 48666 67 2844 35 46 0
1 1 24 3 74 43 0 0 0
1 0 240 91 127 116 0 0 0
0 0 123 189 224 2688 0 2 0
0 1 1441 259 217 307 0 8 0
0 0 223 9 799 13 0 0 0
0 0 3 18195 73 2843 46 51 0
0 1 407 8 97 4 0 0 0
1 0 20 2 31 41 0 0 0
1 0 15 9027 12 47 0 0 0
1 0 12 13 125 194 14 7 0
0 1 95 7 442 102 0 0 0
0 0 555 923 153 15633 4 4 0
0 1 133 6123 132 795 8 0 0
1 1 20 9 9 427 3 1 0
0 0 1236 7765 753 2598 6 15 0
0 1 358 3214 39 863 0 826 7
0 0 321 784 701 956 0 0 0
0 1 270 45 17 70 0 0 1
1 0 19 5 23 23 0 0 0
0 0 1 5504 3 520 4264 1668 11
1 0 1676 26 324 336 0 0 0
1 0 11 137 46 185 0 19 0
0 0 263 9 74 2594 0 1 0
1 0 22 4 34 18 0 0 0
0 1 40 225 36 142 0 2 1
0 0 1978 20 483 540 0 0 0
0 1 43 223 13 786 1 0 0
1 1 46 2198 78 209 0 0 0
1 0 2 18 4 14 0 2 0
0 0 125 4 550 537 0 0 0
0 0 419 23820 332 841 1 12 0
0 0 270 610 623 1052 0 0 0
0 0 279 23426 7 289 0 6 0
1 0 48 16 45 322 0 1 0
1 1 86 5721 47 1612 3 38 0
0 0 97 3 594 284 0 0 0
1 0 187 623 38 715 24 16 0
1 0 8 2 12 27 0 0 0
0 1 300 3013 257 339 1 0 0
0 0 1999 13 800 1425 0 0 0
0 1 73 12 22 212 1 0 0
0 0 807 20 653 50 0 0 0
1 1 86 46 332 82 0 0 0
0 1 7 2 15 29 0 1 0
1 0 159 10 358 403 0 0 0
0 0 229 3 1102 1347 0 0 0
1 0 0 81 11 33 8 4 0
0 1 574 51187 44 673 18 83 0
1 0 163 31 83 147 0 0 0
0 1 27 56 61 175 0 0 0
1 0 49 2 52 5 1 0 0
0 0 266 2867 113 284 193 2949 13
0 0 395 33672 42 1178 142 570 1
1 0 212 40 459 642 4 1 0
1 0 27 10 31 21 5 1 0
0 1 105 10 10 56 1 0 0
1 0 121 12 654 634 0 0 0
0 1 37 285 81 159 0 0 0
1 0 12 4 75 107 1 0 0
1 0 189 5 530 203 0 0 0
0 0 74 19875 16 1008 171 671 11
1 1 71 2 40 253 0 0 0
1 0 207 3069 172 402 0 0 0
1 1 96 15 256 286 0 0 0
0 1 127 17 53 546 8 1 0
0 1 799 79 800 1846 2 0 0
1 1 34 91 21 131 0 0 0
1 0 190 13 798 54 2 0 0
0 0 25 655 10 105 520 503 24
1 0 43 4 721 52 0 0 0
0 0 176 5 631 380 0 0 0
1 1 15 5 60 76 2 0 0
0 1 19 11 73 45 0 1 0
0 0 81 19 746 68 11 15 0
1 0 14 4 257 167 1 2 0
0 0 359 2597 71 3429 4 1 0
1 0 5 8 59 421 0 0 0
1 0 59 77 243 195 2 0 0
1 0 16 5 80 879 0 1 0
1 0 25 1 120 192 0 0 0
0 1 12 0 4 1 0 0 0
1 0 14 1 18 6 0 0 0
1 0 28 3 140 66 0 0 0
0 1 108 24 312 114 0 0 0
1 0 29 0 121 10 0 0 0
0 1 203 21104 90 2286 0 0 0
0 1 6628 67799 934 22209 3 93 0
0 1 286 19 13 280 1 0 0
0 1 32 47 55 209 0 0 0
1 0 24 8 25 67 13 1 0
0 1 56 15 13 102 2 1 0
0 1 28 170 3 25 11 7 0
1 0 9 4371 0 140 24 32 0
1 0 27 128 116 216 2 1 0
0 1 11 60 26 284 1 6 0
0 1 475 186 131 664 29 5 0
1 0 169 9 236 1080 0 0 0
0 1 496 393 358 2220 0 15 0
0 0 16 4 677 1414 0 0 0
1 0 50 29 279 76 0 0 0
0 0 1552 121 0 183 0 3 0
0 1 204 71 162 563 2 2 0
1 0 202 53 96 982 17 1 0
1 1 695 26 800 949 2 0 0
1 0 12 60 104 237 5 0 0
0 1 31 11 73 161 1 0 0
1 0 39 58 72 228 0 0 0
1 1 22 45 92 307 1 0 0
0 1 1040 164 22 1027 5 0 0
1 0 62 2 365 10 0 0 0
0 1 427 1119 37 289 0 0 0
0 1 1502 13827 158 2984 53 488 3
1 0 247 82 218 548 43 40 0
1 0 88 34 321 378 3 0 0
0 0 116 0 948 1040 0 0 0
1 0 217 5 573 427 0 0 0
0 1 66 20 17 238 6 0 0
1 0 59 69 180 257 0 4 0
1 0 16 6 28 60 0 0 0
0 0 1013 7 17 114 0 0 0
0 1 249 10081 255 827 7 0 0
0 1 362 13196 74 2192 19 43 0
0 1 3 26061 0 1885 105 944 21
1 0 191 32 67 42 0 0 0
1 0 3 1997 0 2 44 92 0
1 1 23 0 13 7 0 0 0
1 0 18 3 101 16 5 1 0
1 0 11 2 1 46 0 0 0
0 0 29 27256 268 3132 1 18 0
0 1 43 95 40 263 5 7 0
0 1 19 9 10 234 0 0 0
0 1 11 9 8 21 0 0 0
0 0 165 4241 800 2545 4 1 0
1 0 90 47 118 701 2 1 0
0 0 63 197 54 8352 898 432 0
1 0 61 293 471 456 6 0 0
0 1 294 51305 40 291 0 645 0
0 1 316 10768 102 337 0 12 0
1 0 17 15 223 231 17 0 0
1 0 29 3 85 28 3 0 0
0 1 2 14581 7 89 285 49 43
0 0 1143 30 8 151 15 0 0
1 0 92 7 34 154 0 0 0
1 0 190 6 298 302 1 0 0
0 0 55 32959 58 107 0 71 0
1 0 130 73 111 236 35 10 0
0 0 74 4 800 137 6 0 0
0 1 128 1019 178 256 0 0 0
0 1 161 1 215 36 0 0 0
0 1 66 6883 113 270 1 2 0
0 1 3 49 11 14 2 0 0
0 0 1844 45 481 377 0 0 0
1 0 17 13937 0 61 45 41 0
0 1 195 113 447 219 5 2 0
0 1 65 1 52 127 0 0 0
0 1 833 16 424 301 0 0 0
1 0 27 49 27 50 6 0 0
0 1 904 1302 612 1718 0 15 0
1 1 29 21 29 241 0 0 0
0 0 17 10 718 63 1 0 0
0 1 21 5727 19 1007 2 1 0
0 0 779 9 68 1304 0 1 0
0 1 38 141 14 160 0 30 1
0 0 142 857 692 812 1 0 0
1 1 37 7 60 45 0 0 0
0 1 302 20439 398 174 1 55 0
0 0 445 127 819 1945 45 6 0
1 0 68 26 12 129 20 0 0
1 1 243 58 177 311 6 0 0
1 0 26 6 793 198 1 0 0
0 0 173 63 67 7494 1 0 0
0 1 6 32 133 21 3 1 0
1 0 7 876 2 1426 506 9 0
1 0 50 4 9 31 21 18 0
1 1 851 179 33 102 0 0 0
0 0 36 9 525 195 0 0 0
0 1 259 5 158 323 0 0 0
1 0 75 7 159 140 0 0 0
0 1 599 46 791 81 0 0 0
0 1 133 36207 66 1120 4 17 1
0 0 121 4 688 944 0 0 0
0 1 433 3669 46 1007 5 1 0
0 1 51 57 74 929 0 0 0
0 0 14 5 619 87 0 0 0
1 0 12 7 57 107 0 0 0
0 0 504 26 800 5338 0 24 0
0 1 83 175 118 175 0 1 0
0 1 129 5 115 92 0 0 0
0 1 363 10 41 71 0 5 0
0 0 60 68 545 625 0 0 0
0 1 64 10 34 122 0 8 0
1 0 60 5 7 73 3 3 0
0 0 2000 1982 75 770 1 3 0
0 0 6 13655 0 416 8515 9059 29
0 0 62 38 799 140 1 0 0
1 0 11 2 77 171 0 0 0
1 0 24 12 27 67 0 0 0
0 1 409 85 199 203 0 1 0
0 1 304 42152 28 8760 3 288 0
1 0 9 254 42 133 0 0 0
0 1 3 10 2 120 0 0 0
0 0 46 1 567 62 0 0 0
1 0 5 1 237 54 0 0 0
0 0 23 2 731 4 1 0 0
0 1 30 5 113 32 3 0 0
1 0 212 121 132 985 1 0 0
0 0 48 3 616 516 0 0 0
1 0 31 4 124 56 0 0 0
0 0 13 6911 0 4026 127 773 0
1 0 83 6 159 37 2 0 0
0 0 989 67 158 883 4 0 0
0 1 65 68 32 72 0 0 0
0 0 247 13173 76 7462 0 3 0
0 1 24 1468 8 48 1016 627 8
0 1 208 21 124 378 0 0 0
0 1 117 79826 62 2350 1 2197 44
0 0 433 6 709 69 0 1 0
1 1 167 318 380 785 0 0 0
1 0 29 7 337 38 1 0 0
0 1 114 259 10 182 34 224 0
0 0 25 2749 20 3740 4 113 1
1 0 355 8 38 287 0 0 0
1 1 10 30 29 71 8 0 0
0 1 15 3 20 43 0 0 0
1 0 81 10 12 69 0 0 0
0 1 129 7 108 17 0 1 0
0 0 438 15 186 3547 0 0 0
1 0 22 812 14 1017 11 57 0
0 1 22 107 19 10 88 34 0
