0 0 106 12 483 207 4 0 0
0 0 680 43 6 1302 9 0 0
0 0 689 198 254 297 7 1 0
0 0 650 152 358 480 9 110 1
0 0 509 34 467 585 0 2 0
0 0 41 8333 105 2592 0 0 0
0 0 16 12 464 130 0 0 0
0 0 183 10547 419 567 1 0 0
0 0 64 7 480 330 0 0 0
0 0 12 9 511 176 0 0 0
0 0 702 113 78 70 10 1 0
0 0 723 28 210 354 0 0 0
0 0 48 7 515 421 0 0 0
0 0 158 2 493 128 0 0 0
0 0 751 7 108 1326 0 0 0
0 0 501 5 443 197 0 0 0
0 0 250 111 540 527 4 0 0
0 0 725 8 159 20 0 0 0
0 0 36 7 119 2339 0 0 0
0 0 705 32 36 592 1 0 0
0 0 741 60 130 500 0 0 0
0 0 11 0 508 487 0 0 0
0 0 622 187 364 281 0 10 0
0 0 192 130 533 243 0 0 0
0 0 295 19 406 1900 0 0 0
0 0 22 2 487 223 0 0 0
0 0 699 10 61 100 0 0 0
0 0 27 0 480 142 0 0 0
0 0 37 10 516 334 3 0 0
0 0 11 2 484 44 0 0 0
0 0 46 1 470 14 0 0 0
0 0 374 109 472 1421 0 2 0
0 0 4 1583 7 403 481 434 3
0 0 288 206 497 828 0 0 0
0 0 53 29 481 615 4 0 0
0 0 107 828 48 973 383 1483 0
0 0 193 9 517 181 0 0 0
0 0 658 90 109 633 6 0 2
0 0 121 7210 134 2649 115 20 0
0 0 658 101 10 196 0 0 0
0 0 294 16 529 901 0 0 0
0 0 16 4 466 236 0 0 0
0 0 68 2 512 307 1 0 0
0 0 62 45 492 144 0 1 1
0 0 40 1052 73 2275 5 4 2
0 0 84 2 492 141 0 0 0
0 0 484 11 446 35 0 0 0
0 0 114 272 529 465 0 0 0
0 0 96 2029 485 643 0 4 0
0 0 96 12 517 250 0 4 0
0 0 165 3 479 139 0 0 0
0 0 64 14 479 609 0 2 0
0 0 94 2433 403 1107 4 29 3
0 0 749 132 89 390 0 1 0
0 0 4 0 469 452 0 0 0
0 0 22 1 478 119 0 0 0
0 0 113 6 487 76 0 0 0
0 0 25 12 474 78 4 0 0
0 0 174 165 524 543 0 0 0
0 0 49 3 508 721 0 0 0
0 0 204 5 497 178 0 0 0
0 0 96 7 504 458 0 0 0
0 0 726 1 212 477 0 0 0
0 0 565 147 46 1986 0 3 0
0 0 462 10 434 39 0 1 0
0 0 269 22 518 205 0 0 0
0 0 122 7 481 301 0 0 0
0 0 740 5 68 241 0 0 0
0 0 172 12 506 787 1 0 0
0 0 24 6 496 444 0 0 0
0 0 660 36 29 181 0 0 0
0 0 338 5578 472 822 34 18 0
