0 0 579 19059 47 665 7 27 0
0 0 103 67526 123 817 51 72 0
0 1 57 18705 51 7295 260 893 52
0 0 14 26802 15 573 1 0 0
0 0 154 18095 333 684 77 54 0
0 1 808 33951 547 1493 93 776 7
0 1 146 18546 54 1388 53 145 0
1 0 271 71495 68 823 0 73 1
1 1 563 19517 331 3373 0 0 0
0 0 42 19263 35 664 0 0 0
0 1 13 32807 21 2166 106 268 1
0 0 198 42828 37 3233 17 93 1
0 0 1051 24837 454 18694 0 0 0
0 0 807 38273 457 2127 2 26 0
0 0 93 35642 14 475 47 196 0
0 0 108 24602 35 612 0 0 0
0 0 102 18320 17 2201 9 8 1
0 1 219 18777 20 848 11 2 0
0 0 98 22817 120 108 0 1 0
0 1 270 36226 341 6462 0 200 0
0 1 230 22859 40 452 0 0 0
0 0 62 23709 33 372 139 755 0
0 1 273 27923 68 856 7 7 0
1 0 344 27620 224 1902 0 266 0
0 1 720 77343 380 2454 25 3818 4
0 1 166 37401 461 215 245 6739 51
1 0 2 19552 0 195 14 21 0
0 1 20 30046 161 1183 4 0 0
0 0 218 46894 13 524 355 1559 5
0 0 104 18158 90 887 0 0 0
0 1 94 33731 13 1038 117 357 1
0 0 500 29349 82 1523 73 448 2
0 1 90 29226 39 646 52 132 0
0 1 316 38789 119 12183 192 325 0
0 0 497 47130 102 5774 9 8 0
0 1 336 46563 662 16023 269 215 0
0 0 378 33544 105 964 6 31 0
0 0 123 28261 25 342 1260 6888 68
0 1 153 21692 199 3729 135 54 0
0 1 128 19404 35 1941 24 5 0
0 1 116 29714 26 5858 2 13 0
0 0 228 19690 6 634 27 558 1
1 0 126 25597 33 258 4313 12579 62
0 0 211 35323 7 50 0 14 0
1 0 110 25026 0 2149 148 2246 1
0 0 60 28211 84 2285 16 9 0
0 0 75 38082 57 1087 3 0 0
0 0 189 26658 424 495 6 10 0
1 0 65 56724 116 1278 185 572 0
0 1 43 24696 19 158 58 2330 10
0 0 908 49982 71 8877 5 6 0
0 1 68 32898 116 5804 42 30 0
0 0 181 17168 109 3508 0 0 0
0 0 148 29356 94 2406 21 10 2
0 0 366 39839 88 2428 42 150 2
0 1 321 32876 404 4145 0 127 0
0 0 3 24870 2 625 305 1367 1
0 0 35 19105 0 158 2 314 8
1 0 6 42863 7 247 14 57 1
0 0 91 58666 3 2381 1 201 2
0 1 325 29866 4 1040 74 364 0
0 0 176 34650 195 451 2 1 0
0 1 490 39935 396 14752 68 50 0
0 0 76 22845 18 316 2 54 0
0 1 1354 24142 559 3011 13 36 0
1 0 199 57982 8 3924 1 1012 0
0 0 360 63138 150 31276 80 138 1
0 1 395 18642 106 2176 149 916 52
0 0 78 46952 141 657 0 1 0
0 0 18 33017 19 5435 42 192 0
0 0 38 47094 24 21 0 0 0
0 0 107 67239 28 1550 9 11825 0
0 0 119 44763 8 1342 24 110 0
0 0 96 35488 20 497 93 1276 2
0 1 30 25281 2 93 24 7837 18
1 0 105 24917 4 857 14907 45541 28
0 0 277 19044 58 1586 3 2 0
0 0 18 23177 85 116 0 19 5
0 0 164 48666 67 2844 35 46 0
0 0 3 18195 73 2843 46 51 0
0 0 419 23820 332 841 1 12 0
0 0 279 23426 7 289 0 6 0
0 1 574 51187 44 673 18 83 0
0 0 395 33672 42 1178 142 570 1
0 0 74 19875 16 1008 171 671 11
0 1 203 21104 90 2286 0 0 0
0 1 6628 67799 934 22209 3 93 0
0 1 3 26061 0 1885 105 944 21
0 0 29 27256 268 3132 1 18 0
0 1 294 51305 40 291 0 645 0
0 0 55 32959 58 107 0 71 0
0 1 302 20439 398 174 1 55 0
0 1 133 36207 66 1120 4 17 1
0 1 304 42152 28 8760 3 288 0
0 1 117 79826 62 2350 1 2197 44
